{
    "1C435217-1F56-4B14-B162-D5571841CD11/ExpandedNodes/6A79E3DC-BC51-4AD2-B065-04F6F147089F": "Extra",
    "1C435217-1F56-4B14-B162-D5571841CD11/ExpandedNodes/70C1E63C-CF27-49A5-BC94-4DC7FBB866A8": "G_male_base",
    "1C435217-1F56-4B14-B162-D5571841CD11/ExpandedNodes/A0DAFCA4-98B7-44FF-B61E-24DDEDB47BB9": "MainCharacter",
    "1C435217-1F56-4B14-B162-D5571841CD11/ExpandedNodes/BB27043B-EAFA-4C1D-9D7A-8E7972FF020D": "Model",
    "1C435217-1F56-4B14-B162-D5571841CD11/ExpandedNodes/C95EA845-BC44-4DCC-857D-B0257C48D480": "MainCharacter Body",
    "1C435217-1F56-4B14-B162-D5571841CD11/ExpandedNodes/DCDC530D-5CC1-4CAD-BCC7-E88E2B52BA97": "Animations for states",
    "Camera/Position/X": 4.644711971282959,
    "Camera/Position/Y": 3.2187042236328125,
    "Camera/Position/Z": 6.4323201179504395,
    "Camera/Rotation/W": 0.9338945150375366,
    "Camera/Rotation/X": -0.18222172558307648,
    "Camera/Rotation/Y": 0.30193382501602173,
    "Camera/Rotation/Z": 0.05891338363289833,
    "Camera/Type": 0,
    "Editor/ValueDraggerStepSize": 10,
    "SnapTypePosiotion/SnapPreset1": 0.5,
    "SnapTypePosiotion/SnapPreset2": 1,
    "SnapTypePosiotion/SnapPresetSelected": 0,
    "SnapTypeRotation/SnapPreset1": 45,
    "SnapTypeRotation/SnapPreset2": 90,
    "SnapTypeRotation/SnapPresetSelected": 0,
    "export/projectName": "New-Project-with-Minimal-Character"
}
